I=[102.322878 -0.035566 0.315676 -0.035566 103.65751 0.006317 0.315676 0.006317 159.537290];
Imetric=I*2.9264e-4
Imetric=[0.029943767017920 -1.040803424000000e-05 9.237942464000000e-05 -1.040803424000000e-05 0.030334333726400 1.848606880000000e-06 9.237942464000000e-05 1.848606880000000e-06 0.046686992545600]
Iw=0.463;
Iwmetric = 0.113*Iw